224289
224292
223881
224175
224160
224157
224158
224155
224153
224154
224152
224146
224142
224110
224111
224112
224059
224058
224056
224054
223978
223979
223959
223961
223962
223903
223882
223883
223871
223872
223874
223875
223792
223791
223748
223750
223758
223682
223644
223565
223511
223513
223401
223310
223308
223309
223215
223190
222956
222960
219913
222959
222962
222780
223179
223176
223178
223161
223138
223135
223073
223074
223050
223048
222967
222766
222765
222679
222725
222626
222503
222396
222398
222400
222401
222390
222391
222395
222388
222389
222387
209562
222339
222082
222271
222221
222205
221984
194618
222001
221137
220442
218612
106872
106859
106861
106863
106871
106886
106867
106869
106870
106890
458263
758955